1000

0	0	0	0
0	0	0.3	0
0	0	0.6	0
0	0	0.9	0
0	0	1.2	0
0	0	1.5	0
0	0	1.8	0
0	0	2.1	0
0	0	2.4	0
0	0	2.7	0
0	0.3	0	0
0	0.3	0.3	0
0	0.3	0.6	0
0	0.3	0.9	0
0	0.3	1.2	0
0	0.3	1.5	0
0	0.3	1.8	0
0	0.3	2.1	0
0	0.3	2.4	0
0	0.3	2.7	0
0	0.6	0	0
0	0.6	0.3	0
0	0.6	0.6	0
0	0.6	0.9	0
0	0.6	1.2	0
0	0.6	1.5	0
0	0.6	1.8	0
0	0.6	2.1	0
0	0.6	2.4	0
0	0.6	2.7	0
0	0.9	0	0
0	0.9	0.3	0
0	0.9	0.6	0
0	0.9	0.9	0
0	0.9	1.2	0
0	0.9	1.5	0
0	0.9	1.8	0
0	0.9	2.1	0
0	0.9	2.4	0
0	0.9	2.7	0
0	1.2	0	0
0	1.2	0.3	0
0	1.2	0.6	0
0	1.2	0.9	0
0	1.2	1.2	0
0	1.2	1.5	0
0	1.2	1.8	0
0	1.2	2.1	0
0	1.2	2.4	0
0	1.2	2.7	0
0	1.5	0	0
0	1.5	0.3	0
0	1.5	0.6	0
0	1.5	0.9	0
0	1.5	1.2	0
0	1.5	1.5	0
0	1.5	1.8	0
0	1.5	2.1	0
0	1.5	2.4	0
0	1.5	2.7	0
0	1.8	0	0
0	1.8	0.3	0
0	1.8	0.6	0
0	1.8	0.9	0
0	1.8	1.2	0
0	1.8	1.5	0
0	1.8	1.8	0
0	1.8	2.1	0
0	1.8	2.4	0
0	1.8	2.7	0
0	2.1	0	0
0	2.1	0.3	0
0	2.1	0.6	0
0	2.1	0.9	0
0	2.1	1.2	0
0	2.1	1.5	0
0	2.1	1.8	0
0	2.1	2.1	0
0	2.1	2.4	0
0	2.1	2.7	0
0	2.4	0	0
0	2.4	0.3	0
0	2.4	0.6	0
0	2.4	0.9	0
0	2.4	1.2	0
0	2.4	1.5	0
0	2.4	1.8	0
0	2.4	2.1	0
0	2.4	2.4	0
0	2.4	2.7	0
0	2.7	0	0
0	2.7	0.3	0
0	2.7	0.6	0
0	2.7	0.9	0
0	2.7	1.2	0
0	2.7	1.5	0
0	2.7	1.8	0
0	2.7	2.1	0
0	2.7	2.4	0
0	2.7	2.7	0
0.3	0	0	0
0.3	0	0.3	0
0.3	0	0.6	0
0.3	0	0.9	0
0.3	0	1.2	0
0.3	0	1.5	0
0.3	0	1.8	0
0.3	0	2.1	0
0.3	0	2.4	0
0.3	0	2.7	0
0.3	0.3	0	0
0.3	0.3	0.3	0
0.3	0.3	0.6	0
0.3	0.3	0.9	0
0.3	0.3	1.2	0
0.3	0.3	1.5	0
0.3	0.3	1.8	0
0.3	0.3	2.1	0
0.3	0.3	2.4	0
0.3	0.3	2.7	0
0.3	0.6	0	0
0.3	0.6	0.3	0
0.3	0.6	0.6	0
0.3	0.6	0.9	0
0.3	0.6	1.2	0
0.3	0.6	1.5	0
0.3	0.6	1.8	0
0.3	0.6	2.1	0
0.3	0.6	2.4	0
0.3	0.6	2.7	0
0.3	0.9	0	0
0.3	0.9	0.3	0
0.3	0.9	0.6	0
0.3	0.9	0.9	0
0.3	0.9	1.2	1
0.3	0.9	1.5	1
0.3	0.9	1.8	1
0.3	0.9	2.1	0
0.3	0.9	2.4	0
0.3	0.9	2.7	0
0.3	1.2	0	0
0.3	1.2	0.3	0
0.3	1.2	0.6	0
0.3	1.2	0.9	1
0.3	1.2	1.2	1
0.3	1.2	1.5	1
0.3	1.2	1.8	1
0.3	1.2	2.1	1
0.3	1.2	2.4	0
0.3	1.2	2.7	0
0.3	1.5	0	0
0.3	1.5	0.3	0
0.3	1.5	0.6	0
0.3	1.5	0.9	1
0.3	1.5	1.2	1
0.3	1.5	1.5	1
0.3	1.5	1.8	1
0.3	1.5	2.1	1
0.3	1.5	2.4	0
0.3	1.5	2.7	0
0.3	1.8	0	0
0.3	1.8	0.3	0
0.3	1.8	0.6	0
0.3	1.8	0.9	1
0.3	1.8	1.2	1
0.3	1.8	1.5	1
0.3	1.8	1.8	1
0.3	1.8	2.1	1
0.3	1.8	2.4	0
0.3	1.8	2.7	0
0.3	2.1	0	0
0.3	2.1	0.3	0
0.3	2.1	0.6	0
0.3	2.1	0.9	0
0.3	2.1	1.2	1
0.3	2.1	1.5	1
0.3	2.1	1.8	1
0.3	2.1	2.1	0
0.3	2.1	2.4	0
0.3	2.1	2.7	0
0.3	2.4	0	0
0.3	2.4	0.3	0
0.3	2.4	0.6	0
0.3	2.4	0.9	0
0.3	2.4	1.2	0
0.3	2.4	1.5	0
0.3	2.4	1.8	0
0.3	2.4	2.1	0
0.3	2.4	2.4	0
0.3	2.4	2.7	0
0.3	2.7	0	0
0.3	2.7	0.3	0
0.3	2.7	0.6	0
0.3	2.7	0.9	0
0.3	2.7	1.2	0
0.3	2.7	1.5	0
0.3	2.7	1.8	0
0.3	2.7	2.1	0
0.3	2.7	2.4	0
0.3	2.7	2.7	0
0.6	0	0	0
0.6	0	0.3	0
0.6	0	0.6	0
0.6	0	0.9	0
0.6	0	1.2	0
0.6	0	1.5	0
0.6	0	1.8	0
0.6	0	2.1	0
0.6	0	2.4	0
0.6	0	2.7	0
0.6	0.3	0	0
0.6	0.3	0.3	0
0.6	0.3	0.6	0
0.6	0.3	0.9	0
0.6	0.3	1.2	0
0.6	0.3	1.5	0
0.6	0.3	1.8	0
0.6	0.3	2.1	0
0.6	0.3	2.4	0
0.6	0.3	2.7	0
0.6	0.6	0	0
0.6	0.6	0.3	0
0.6	0.6	0.6	0
0.6	0.6	0.9	0
0.6	0.6	1.2	1
0.6	0.6	1.5	1
0.6	0.6	1.8	1
0.6	0.6	2.1	0
0.6	0.6	2.4	0
0.6	0.6	2.7	0
0.6	0.9	0	0
0.6	0.9	0.3	0
0.6	0.9	0.6	0
0.6	0.9	0.9	1
0.6	0.9	1.2	1
0.6	0.9	1.5	1
0.6	0.9	1.8	1
0.6	0.9	2.1	1
0.6	0.9	2.4	0
0.6	0.9	2.7	0
0.6	1.2	0	0
0.6	1.2	0.3	0
0.6	1.2	0.6	1
0.6	1.2	0.9	1
0.6	1.2	1.2	1
0.6	1.2	1.5	1
0.6	1.2	1.8	1
0.6	1.2	2.1	1
0.6	1.2	2.4	1
0.6	1.2	2.7	0
0.6	1.5	0	0
0.6	1.5	0.3	0
0.6	1.5	0.6	1
0.6	1.5	0.9	1
0.6	1.5	1.2	1
0.6	1.5	1.5	1
0.6	1.5	1.8	1
0.6	1.5	2.1	1
0.6	1.5	2.4	1
0.6	1.5	2.7	0
0.6	1.8	0	0
0.6	1.8	0.3	0
0.6	1.8	0.6	1
0.6	1.8	0.9	1
0.6	1.8	1.2	1
0.6	1.8	1.5	1
0.6	1.8	1.8	1
0.6	1.8	2.1	1
0.6	1.8	2.4	1
0.6	1.8	2.7	0
0.6	2.1	0	0
0.6	2.1	0.3	0
0.6	2.1	0.6	0
0.6	2.1	0.9	1
0.6	2.1	1.2	1
0.6	2.1	1.5	1
0.6	2.1	1.8	1
0.6	2.1	2.1	1
0.6	2.1	2.4	0
0.6	2.1	2.7	0
0.6	2.4	0	0
0.6	2.4	0.3	0
0.6	2.4	0.6	0
0.6	2.4	0.9	0
0.6	2.4	1.2	1
0.6	2.4	1.5	1
0.6	2.4	1.8	1
0.6	2.4	2.1	0
0.6	2.4	2.4	0
0.6	2.4	2.7	0
0.6	2.7	0	0
0.6	2.7	0.3	0
0.6	2.7	0.6	0
0.6	2.7	0.9	0
0.6	2.7	1.2	0
0.6	2.7	1.5	0
0.6	2.7	1.8	0
0.6	2.7	2.1	0
0.6	2.7	2.4	0
0.6	2.7	2.7	0
0.9	0	0	0
0.9	0	0.3	0
0.9	0	0.6	0
0.9	0	0.9	0
0.9	0	1.2	0
0.9	0	1.5	0
0.9	0	1.8	0
0.9	0	2.1	0
0.9	0	2.4	0
0.9	0	2.7	0
0.9	0.3	0	0
0.9	0.3	0.3	0
0.9	0.3	0.6	0
0.9	0.3	0.9	0
0.9	0.3	1.2	1
0.9	0.3	1.5	1
0.9	0.3	1.8	1
0.9	0.3	2.1	0
0.9	0.3	2.4	0
0.9	0.3	2.7	0
0.9	0.6	0	0
0.9	0.6	0.3	0
0.9	0.6	0.6	0
0.9	0.6	0.9	1
0.9	0.6	1.2	1
0.9	0.6	1.5	1
0.9	0.6	1.8	1
0.9	0.6	2.1	1
0.9	0.6	2.4	0
0.9	0.6	2.7	0
0.9	0.9	0	0
0.9	0.9	0.3	0
0.9	0.9	0.6	1
0.9	0.9	0.9	1
0.9	0.9	1.2	1
0.9	0.9	1.5	1
0.9	0.9	1.8	1
0.9	0.9	2.1	1
0.9	0.9	2.4	1
0.9	0.9	2.7	0
0.9	1.2	0	0
0.9	1.2	0.3	1
0.9	1.2	0.6	1
0.9	1.2	0.9	1
0.9	1.2	1.2	1
0.9	1.2	1.5	1
0.9	1.2	1.8	1
0.9	1.2	2.1	1
0.9	1.2	2.4	1
0.9	1.2	2.7	1
0.9	1.5	0	0
0.9	1.5	0.3	1
0.9	1.5	0.6	1
0.9	1.5	0.9	1
0.9	1.5	1.2	1
0.9	1.5	1.5	1
0.9	1.5	1.8	1
0.9	1.5	2.1	1
0.9	1.5	2.4	1
0.9	1.5	2.7	1
0.9	1.8	0	0
0.9	1.8	0.3	1
0.9	1.8	0.6	1
0.9	1.8	0.9	1
0.9	1.8	1.2	1
0.9	1.8	1.5	1
0.9	1.8	1.8	1
0.9	1.8	2.1	1
0.9	1.8	2.4	1
0.9	1.8	2.7	1
0.9	2.1	0	0
0.9	2.1	0.3	0
0.9	2.1	0.6	1
0.9	2.1	0.9	1
0.9	2.1	1.2	1
0.9	2.1	1.5	1
0.9	2.1	1.8	1
0.9	2.1	2.1	1
0.9	2.1	2.4	1
0.9	2.1	2.7	0
0.9	2.4	0	0
0.9	2.4	0.3	0
0.9	2.4	0.6	0
0.9	2.4	0.9	1
0.9	2.4	1.2	1
0.9	2.4	1.5	1
0.9	2.4	1.8	1
0.9	2.4	2.1	1
0.9	2.4	2.4	0
0.9	2.4	2.7	0
0.9	2.7	0	0
0.9	2.7	0.3	0
0.9	2.7	0.6	0
0.9	2.7	0.9	0
0.9	2.7	1.2	1
0.9	2.7	1.5	1
0.9	2.7	1.8	1
0.9	2.7	2.1	0
0.9	2.7	2.4	0
0.9	2.7	2.7	0
1.2	0	0	0
1.2	0	0.3	0
1.2	0	0.6	0
1.2	0	0.9	0
1.2	0	1.2	0
1.2	0	1.5	0
1.2	0	1.8	0
1.2	0	2.1	0
1.2	0	2.4	0
1.2	0	2.7	0
1.2	0.3	0	0
1.2	0.3	0.3	0
1.2	0.3	0.6	0
1.2	0.3	0.9	1
1.2	0.3	1.2	1
1.2	0.3	1.5	1
1.2	0.3	1.8	1
1.2	0.3	2.1	1
1.2	0.3	2.4	0
1.2	0.3	2.7	0
1.2	0.6	0	0
1.2	0.6	0.3	0
1.2	0.6	0.6	1
1.2	0.6	0.9	1
1.2	0.6	1.2	1
1.2	0.6	1.5	1
1.2	0.6	1.8	1
1.2	0.6	2.1	1
1.2	0.6	2.4	1
1.2	0.6	2.7	0
1.2	0.9	0	0
1.2	0.9	0.3	1
1.2	0.9	0.6	1
1.2	0.9	0.9	1
1.2	0.9	1.2	1
1.2	0.9	1.5	1
1.2	0.9	1.8	1
1.2	0.9	2.1	1
1.2	0.9	2.4	1
1.2	0.9	2.7	1
1.2	1.2	0	0
1.2	1.2	0.3	1
1.2	1.2	0.6	1
1.2	1.2	0.9	1
1.2	1.2	1.2	1
1.2	1.2	1.5	1
1.2	1.2	1.8	1
1.2	1.2	2.1	1
1.2	1.2	2.4	1
1.2	1.2	2.7	1
1.2	1.5	0	0
1.2	1.5	0.3	1
1.2	1.5	0.6	1
1.2	1.5	0.9	1
1.2	1.5	1.2	1
1.2	1.5	1.5	1
1.2	1.5	1.8	1
1.2	1.5	2.1	1
1.2	1.5	2.4	1
1.2	1.5	2.7	1
1.2	1.8	0	0
1.2	1.8	0.3	1
1.2	1.8	0.6	1
1.2	1.8	0.9	1
1.2	1.8	1.2	1
1.2	1.8	1.5	1
1.2	1.8	1.8	1
1.2	1.8	2.1	1
1.2	1.8	2.4	1
1.2	1.8	2.7	1
1.2	2.1	0	0
1.2	2.1	0.3	1
1.2	2.1	0.6	1
1.2	2.1	0.9	1
1.2	2.1	1.2	1
1.2	2.1	1.5	1
1.2	2.1	1.8	1
1.2	2.1	2.1	1
1.2	2.1	2.4	1
1.2	2.1	2.7	1
1.2	2.4	0	0
1.2	2.4	0.3	0
1.2	2.4	0.6	1
1.2	2.4	0.9	1
1.2	2.4	1.2	1
1.2	2.4	1.5	1
1.2	2.4	1.8	1
1.2	2.4	2.1	1
1.2	2.4	2.4	1
1.2	2.4	2.7	0
1.2	2.7	0	0
1.2	2.7	0.3	0
1.2	2.7	0.6	0
1.2	2.7	0.9	1
1.2	2.7	1.2	1
1.2	2.7	1.5	1
1.2	2.7	1.8	1
1.2	2.7	2.1	1
1.2	2.7	2.4	0
1.2	2.7	2.7	0
1.5	0	0	0
1.5	0	0.3	0
1.5	0	0.6	0
1.5	0	0.9	0
1.5	0	1.2	0
1.5	0	1.5	0
1.5	0	1.8	0
1.5	0	2.1	0
1.5	0	2.4	0
1.5	0	2.7	0
1.5	0.3	0	0
1.5	0.3	0.3	0
1.5	0.3	0.6	0
1.5	0.3	0.9	1
1.5	0.3	1.2	1
1.5	0.3	1.5	1
1.5	0.3	1.8	1
1.5	0.3	2.1	1
1.5	0.3	2.4	0
1.5	0.3	2.7	0
1.5	0.6	0	0
1.5	0.6	0.3	0
1.5	0.6	0.6	1
1.5	0.6	0.9	1
1.5	0.6	1.2	1
1.5	0.6	1.5	1
1.5	0.6	1.8	1
1.5	0.6	2.1	1
1.5	0.6	2.4	1
1.5	0.6	2.7	0
1.5	0.9	0	0
1.5	0.9	0.3	1
1.5	0.9	0.6	1
1.5	0.9	0.9	1
1.5	0.9	1.2	1
1.5	0.9	1.5	1
1.5	0.9	1.8	1
1.5	0.9	2.1	1
1.5	0.9	2.4	1
1.5	0.9	2.7	1
1.5	1.2	0	0
1.5	1.2	0.3	1
1.5	1.2	0.6	1
1.5	1.2	0.9	1
1.5	1.2	1.2	1
1.5	1.2	1.5	1
1.5	1.2	1.8	1
1.5	1.2	2.1	1
1.5	1.2	2.4	1
1.5	1.2	2.7	1
1.5	1.5	0	0
1.5	1.5	0.3	1
1.5	1.5	0.6	1
1.5	1.5	0.9	1
1.5	1.5	1.2	1
1.5	1.5	1.5	1
1.5	1.5	1.8	1
1.5	1.5	2.1	1
1.5	1.5	2.4	1
1.5	1.5	2.7	1
1.5	1.8	0	0
1.5	1.8	0.3	1
1.5	1.8	0.6	1
1.5	1.8	0.9	1
1.5	1.8	1.2	1
1.5	1.8	1.5	1
1.5	1.8	1.8	1
1.5	1.8	2.1	1
1.5	1.8	2.4	1
1.5	1.8	2.7	1
1.5	2.1	0	0
1.5	2.1	0.3	1
1.5	2.1	0.6	1
1.5	2.1	0.9	1
1.5	2.1	1.2	1
1.5	2.1	1.5	1
1.5	2.1	1.8	1
1.5	2.1	2.1	1
1.5	2.1	2.4	1
1.5	2.1	2.7	1
1.5	2.4	0	0
1.5	2.4	0.3	0
1.5	2.4	0.6	1
1.5	2.4	0.9	1
1.5	2.4	1.2	1
1.5	2.4	1.5	1
1.5	2.4	1.8	1
1.5	2.4	2.1	1
1.5	2.4	2.4	1
1.5	2.4	2.7	0
1.5	2.7	0	0
1.5	2.7	0.3	0
1.5	2.7	0.6	0
1.5	2.7	0.9	1
1.5	2.7	1.2	1
1.5	2.7	1.5	1
1.5	2.7	1.8	1
1.5	2.7	2.1	1
1.5	2.7	2.4	0
1.5	2.7	2.7	0
1.8	0	0	0
1.8	0	0.3	0
1.8	0	0.6	0
1.8	0	0.9	0
1.8	0	1.2	0
1.8	0	1.5	0
1.8	0	1.8	0
1.8	0	2.1	0
1.8	0	2.4	0
1.8	0	2.7	0
1.8	0.3	0	0
1.8	0.3	0.3	0
1.8	0.3	0.6	0
1.8	0.3	0.9	1
1.8	0.3	1.2	1
1.8	0.3	1.5	1
1.8	0.3	1.8	1
1.8	0.3	2.1	1
1.8	0.3	2.4	0
1.8	0.3	2.7	0
1.8	0.6	0	0
1.8	0.6	0.3	0
1.8	0.6	0.6	1
1.8	0.6	0.9	1
1.8	0.6	1.2	1
1.8	0.6	1.5	1
1.8	0.6	1.8	1
1.8	0.6	2.1	1
1.8	0.6	2.4	1
1.8	0.6	2.7	0
1.8	0.9	0	0
1.8	0.9	0.3	1
1.8	0.9	0.6	1
1.8	0.9	0.9	1
1.8	0.9	1.2	1
1.8	0.9	1.5	1
1.8	0.9	1.8	1
1.8	0.9	2.1	1
1.8	0.9	2.4	1
1.8	0.9	2.7	1
1.8	1.2	0	0
1.8	1.2	0.3	1
1.8	1.2	0.6	1
1.8	1.2	0.9	1
1.8	1.2	1.2	1
1.8	1.2	1.5	1
1.8	1.2	1.8	1
1.8	1.2	2.1	1
1.8	1.2	2.4	1
1.8	1.2	2.7	1
1.8	1.5	0	0
1.8	1.5	0.3	1
1.8	1.5	0.6	1
1.8	1.5	0.9	1
1.8	1.5	1.2	1
1.8	1.5	1.5	1
1.8	1.5	1.8	1
1.8	1.5	2.1	1
1.8	1.5	2.4	1
1.8	1.5	2.7	1
1.8	1.8	0	0
1.8	1.8	0.3	1
1.8	1.8	0.6	1
1.8	1.8	0.9	1
1.8	1.8	1.2	1
1.8	1.8	1.5	1
1.8	1.8	1.8	1
1.8	1.8	2.1	1
1.8	1.8	2.4	1
1.8	1.8	2.7	1
1.8	2.1	0	0
1.8	2.1	0.3	1
1.8	2.1	0.6	1
1.8	2.1	0.9	1
1.8	2.1	1.2	1
1.8	2.1	1.5	1
1.8	2.1	1.8	1
1.8	2.1	2.1	1
1.8	2.1	2.4	1
1.8	2.1	2.7	1
1.8	2.4	0	0
1.8	2.4	0.3	0
1.8	2.4	0.6	1
1.8	2.4	0.9	1
1.8	2.4	1.2	1
1.8	2.4	1.5	1
1.8	2.4	1.8	1
1.8	2.4	2.1	1
1.8	2.4	2.4	1
1.8	2.4	2.7	0
1.8	2.7	0	0
1.8	2.7	0.3	0
1.8	2.7	0.6	0
1.8	2.7	0.9	1
1.8	2.7	1.2	1
1.8	2.7	1.5	1
1.8	2.7	1.8	1
1.8	2.7	2.1	1
1.8	2.7	2.4	0
1.8	2.7	2.7	0
2.1	0	0	0
2.1	0	0.3	0
2.1	0	0.6	0
2.1	0	0.9	0
2.1	0	1.2	0
2.1	0	1.5	0
2.1	0	1.8	0
2.1	0	2.1	0
2.1	0	2.4	0
2.1	0	2.7	0
2.1	0.3	0	0
2.1	0.3	0.3	0
2.1	0.3	0.6	0
2.1	0.3	0.9	0
2.1	0.3	1.2	1
2.1	0.3	1.5	1
2.1	0.3	1.8	1
2.1	0.3	2.1	0
2.1	0.3	2.4	0
2.1	0.3	2.7	0
2.1	0.6	0	0
2.1	0.6	0.3	0
2.1	0.6	0.6	0
2.1	0.6	0.9	1
2.1	0.6	1.2	1
2.1	0.6	1.5	1
2.1	0.6	1.8	1
2.1	0.6	2.1	1
2.1	0.6	2.4	0
2.1	0.6	2.7	0
2.1	0.9	0	0
2.1	0.9	0.3	0
2.1	0.9	0.6	1
2.1	0.9	0.9	1
2.1	0.9	1.2	1
2.1	0.9	1.5	1
2.1	0.9	1.8	1
2.1	0.9	2.1	1
2.1	0.9	2.4	1
2.1	0.9	2.7	0
2.1	1.2	0	0
2.1	1.2	0.3	1
2.1	1.2	0.6	1
2.1	1.2	0.9	1
2.1	1.2	1.2	1
2.1	1.2	1.5	1
2.1	1.2	1.8	1
2.1	1.2	2.1	1
2.1	1.2	2.4	1
2.1	1.2	2.7	1
2.1	1.5	0	0
2.1	1.5	0.3	1
2.1	1.5	0.6	1
2.1	1.5	0.9	1
2.1	1.5	1.2	1
2.1	1.5	1.5	1
2.1	1.5	1.8	1
2.1	1.5	2.1	1
2.1	1.5	2.4	1
2.1	1.5	2.7	1
2.1	1.8	0	0
2.1	1.8	0.3	1
2.1	1.8	0.6	1
2.1	1.8	0.9	1
2.1	1.8	1.2	1
2.1	1.8	1.5	1
2.1	1.8	1.8	1
2.1	1.8	2.1	1
2.1	1.8	2.4	1
2.1	1.8	2.7	1
2.1	2.1	0	0
2.1	2.1	0.3	0
2.1	2.1	0.6	1
2.1	2.1	0.9	1
2.1	2.1	1.2	1
2.1	2.1	1.5	1
2.1	2.1	1.8	1
2.1	2.1	2.1	1
2.1	2.1	2.4	1
2.1	2.1	2.7	0
2.1	2.4	0	0
2.1	2.4	0.3	0
2.1	2.4	0.6	0
2.1	2.4	0.9	1
2.1	2.4	1.2	1
2.1	2.4	1.5	1
2.1	2.4	1.8	1
2.1	2.4	2.1	1
2.1	2.4	2.4	0
2.1	2.4	2.7	0
2.1	2.7	0	0
2.1	2.7	0.3	0
2.1	2.7	0.6	0
2.1	2.7	0.9	0
2.1	2.7	1.2	1
2.1	2.7	1.5	1
2.1	2.7	1.8	1
2.1	2.7	2.1	0
2.1	2.7	2.4	0
2.1	2.7	2.7	0
2.4	0	0	0
2.4	0	0.3	0
2.4	0	0.6	0
2.4	0	0.9	0
2.4	0	1.2	0
2.4	0	1.5	0
2.4	0	1.8	0
2.4	0	2.1	0
2.4	0	2.4	0
2.4	0	2.7	0
2.4	0.3	0	0
2.4	0.3	0.3	0
2.4	0.3	0.6	0
2.4	0.3	0.9	0
2.4	0.3	1.2	0
2.4	0.3	1.5	0
2.4	0.3	1.8	0
2.4	0.3	2.1	0
2.4	0.3	2.4	0
2.4	0.3	2.7	0
2.4	0.6	0	0
2.4	0.6	0.3	0
2.4	0.6	0.6	0
2.4	0.6	0.9	0
2.4	0.6	1.2	1
2.4	0.6	1.5	1
2.4	0.6	1.8	1
2.4	0.6	2.1	0
2.4	0.6	2.4	0
2.4	0.6	2.7	0
2.4	0.9	0	0
2.4	0.9	0.3	0
2.4	0.9	0.6	0
2.4	0.9	0.9	1
2.4	0.9	1.2	1
2.4	0.9	1.5	1
2.4	0.9	1.8	1
2.4	0.9	2.1	1
2.4	0.9	2.4	0
2.4	0.9	2.7	0
2.4	1.2	0	0
2.4	1.2	0.3	0
2.4	1.2	0.6	1
2.4	1.2	0.9	1
2.4	1.2	1.2	1
2.4	1.2	1.5	1
2.4	1.2	1.8	1
2.4	1.2	2.1	1
2.4	1.2	2.4	1
2.4	1.2	2.7	0
2.4	1.5	0	0
2.4	1.5	0.3	0
2.4	1.5	0.6	1
2.4	1.5	0.9	1
2.4	1.5	1.2	1
2.4	1.5	1.5	1
2.4	1.5	1.8	1
2.4	1.5	2.1	1
2.4	1.5	2.4	1
2.4	1.5	2.7	0
2.4	1.8	0	0
2.4	1.8	0.3	0
2.4	1.8	0.6	1
2.4	1.8	0.9	1
2.4	1.8	1.2	1
2.4	1.8	1.5	1
2.4	1.8	1.8	1
2.4	1.8	2.1	1
2.4	1.8	2.4	1
2.4	1.8	2.7	0
2.4	2.1	0	0
2.4	2.1	0.3	0
2.4	2.1	0.6	0
2.4	2.1	0.9	1
2.4	2.1	1.2	1
2.4	2.1	1.5	1
2.4	2.1	1.8	1
2.4	2.1	2.1	1
2.4	2.1	2.4	0
2.4	2.1	2.7	0
2.4	2.4	0	0
2.4	2.4	0.3	0
2.4	2.4	0.6	0
2.4	2.4	0.9	0
2.4	2.4	1.2	1
2.4	2.4	1.5	1
2.4	2.4	1.8	1
2.4	2.4	2.1	0
2.4	2.4	2.4	0
2.4	2.4	2.7	0
2.4	2.7	0	0
2.4	2.7	0.3	0
2.4	2.7	0.6	0
2.4	2.7	0.9	0
2.4	2.7	1.2	0
2.4	2.7	1.5	0
2.4	2.7	1.8	0
2.4	2.7	2.1	0
2.4	2.7	2.4	0
2.4	2.7	2.7	0
2.7	0	0	0
2.7	0	0.3	0
2.7	0	0.6	0
2.7	0	0.9	0
2.7	0	1.2	0
2.7	0	1.5	0
2.7	0	1.8	0
2.7	0	2.1	0
2.7	0	2.4	0
2.7	0	2.7	0
2.7	0.3	0	0
2.7	0.3	0.3	0
2.7	0.3	0.6	0
2.7	0.3	0.9	0
2.7	0.3	1.2	0
2.7	0.3	1.5	0
2.7	0.3	1.8	0
2.7	0.3	2.1	0
2.7	0.3	2.4	0
2.7	0.3	2.7	0
2.7	0.6	0	0
2.7	0.6	0.3	0
2.7	0.6	0.6	0
2.7	0.6	0.9	0
2.7	0.6	1.2	0
2.7	0.6	1.5	0
2.7	0.6	1.8	0
2.7	0.6	2.1	0
2.7	0.6	2.4	0
2.7	0.6	2.7	0
2.7	0.9	0	0
2.7	0.9	0.3	0
2.7	0.9	0.6	0
2.7	0.9	0.9	0
2.7	0.9	1.2	1
2.7	0.9	1.5	1
2.7	0.9	1.8	1
2.7	0.9	2.1	0
2.7	0.9	2.4	0
2.7	0.9	2.7	0
2.7	1.2	0	0
2.7	1.2	0.3	0
2.7	1.2	0.6	0
2.7	1.2	0.9	1
2.7	1.2	1.2	1
2.7	1.2	1.5	1
2.7	1.2	1.8	1
2.7	1.2	2.1	1
2.7	1.2	2.4	0
2.7	1.2	2.7	0
2.7	1.5	0	0
2.7	1.5	0.3	0
2.7	1.5	0.6	0
2.7	1.5	0.9	1
2.7	1.5	1.2	1
2.7	1.5	1.5	1
2.7	1.5	1.8	1
2.7	1.5	2.1	1
2.7	1.5	2.4	0
2.7	1.5	2.7	0
2.7	1.8	0	0
2.7	1.8	0.3	0
2.7	1.8	0.6	0
2.7	1.8	0.9	1
2.7	1.8	1.2	1
2.7	1.8	1.5	1
2.7	1.8	1.8	1
2.7	1.8	2.1	1
2.7	1.8	2.4	0
2.7	1.8	2.7	0
2.7	2.1	0	0
2.7	2.1	0.3	0
2.7	2.1	0.6	0
2.7	2.1	0.9	0
2.7	2.1	1.2	1
2.7	2.1	1.5	1
2.7	2.1	1.8	1
2.7	2.1	2.1	0
2.7	2.1	2.4	0
2.7	2.1	2.7	0
2.7	2.4	0	0
2.7	2.4	0.3	0
2.7	2.4	0.6	0
2.7	2.4	0.9	0
2.7	2.4	1.2	0
2.7	2.4	1.5	0
2.7	2.4	1.8	0
2.7	2.4	2.1	0
2.7	2.4	2.4	0
2.7	2.4	2.7	0
2.7	2.7	0	0
2.7	2.7	0.3	0
2.7	2.7	0.6	0
2.7	2.7	0.9	0
2.7	2.7	1.2	0
2.7	2.7	1.5	0
2.7	2.7	1.8	0
2.7	2.7	2.1	0
2.7	2.7	2.4	0
2.7	2.7	2.7	0
